Time	CellId	RNTI	BWPId	SINR(dB)
0.21025	2	4	0	56.5539
0.210286	2	4	0	56.5551
0.210536	2	4	0	56.6146
0.215286	2	4	0	56.8425
0.21825	2	6	0	45.1784
0.218286	2	6	0	45.1824
0.218536	2	6	0	45.3178
0.222536	2	4	0	56.6759
0.225036	2	6	0	45.5533
0.227536	2	4	0	56.7326
0.227786	2	4	0	56.7641
0.23025	2	7	0	17.1795
0.230286	2	7	0	17.0811
0.230536	2	7	0	17.0883
0.230554	2	6	0	46.0067
0.235232	2	8	0	21.4407
0.23525	2	4	0	56.8598
0.235304	2	8	0	21.4789
0.235536	2	8	0	21.4235
0.237571	2	7	0	16.8901
0.237589	2	6	0	45.6262
0.237607	2	4	0	57.1765
0.240286	2	4	0	57.2761
0.242536	2	8	0	21.7543
0.243036	2	6	0	45.7393
0.245054	2	7	0	16.9302
0.247554	2	4	0	57.1125
0.250054	2	6	0	45.8683
0.250286	2	8	0	21.9301
0.252786	2	4	0	56.9292
0.253054	2	7	0	18.2171
0.255536	2	6	0	45.7437
0.25775	2	5	0	37.5809
0.257786	2	5	0	37.526
0.258036	2	5	0	37.5192
0.258286	2	8	0	22.5843
0.260036	2	5	0	37.3007
0.260071	2	4	0	56.727
0.260286	2	5	0	37.2457
0.261036	2	7	0	19.5671
0.262554	2	6	0	45.3308
0.262571	2	4	0	56.7
0.262786	2	6	0	45.355
0.265286	2	4	0	56.6939
0.266036	2	5	0	38.0532
0.267536	2	8	0	21.7977
0.268036	2	6	0	45.4096
0.270036	2	7	0	21.4278
0.270054	2	5	0	37.8497
0.272536	2	6	0	45.3117
0.272554	2	5	0	37.8795
0.272589	2	4	0	56.8383
0.275036	2	8	0	21.8017
0.275071	2	6	0	45.1986
0.275089	2	4	0	56.8386
0.276	2	1	0	44.182
0.276036	2	1	0	44.1474
0.277536	2	7	0	22.4361
0.277554	2	1	0	44.1925
0.277786	2	4	0	56.7831
0.278536	2	5	0	38.4404
0.280536	2	6	0	44.8899
0.282536	2	8	0	22.3213
0.282571	2	5	0	38.5341
0.285036	2	7	0	23.3915
0.285054	2	6	0	45.3659
0.285071	2	5	0	38.3987
0.285107	2	4	0	56.4555
0.287554	2	6	0	45.681
0.287571	2	4	0	56.6116
0.288286	2	1	0	44.0581
0.290286	2	8	0	22.265
0.290304	2	4	0	56.5334
0.291036	2	5	0	38.4109
0.29275	2	8	0	24.4561
0.293036	2	7	0	23.658
0.293054	2	6	0	46.1082
0.295054	2	5	0	38.3856
0.29775	2	5	0	27.6489
0.297786	2	6	0	46.6015
0.297804	2	5	0	37.9423
0.297839	2	4	0	56.2729
0.298286	2	8	0	22.3158
0.30025	2	8	0	23.1829
0.300286	2	6	0	46.3831
0.300304	2	4	0	56.031
0.3005	2	2	0	37.9492
0.300571	2	2	0	37.9765
0.300786	2	2	0	37.9686
0.300804	2	1	0	44.0864
0.301036	2	7	0	23.2637
0.302536	2	6	0	46.3564
0.302732	2	3	0	39.945
0.302786	2	4	0	56.0677
0.302839	2	3	0	39.945
0.303036	2	3	0	39.945
0.303536	2	5	0	38.0013
0.305536	2	6	0	46.2051
0.307536	2	8	0	22.0657
0.307571	2	5	0	38.3153
0.30875	2	9	0	21.2601
0.31025	2	8	0	20.6572
0.310286	2	9	0	21.0501
0.310304	2	7	0	22.6812
0.310321	2	6	0	46.2181
0.310339	2	5	0	38.3146
0.310357	2	4	0	55.828
0.31275	2	7	0	23.5243
0.312786	2	6	0	46.22
0.312821	2	4	0	56.0672
0.312839	2	2	0	38.4785
0.313286	2	1	0	43.9898
0.315036	2	8	0	22.4328
0.315054	2	6	0	46.4463
0.315071	2	3	0	39.945
0.315286	2	4	0	56.2581
0.316036	2	5	0	38.1074
0.31775	2	8	0	19.9014
0.317786	2	9	0	21.1632
0.317804	2	7	0	22.6335
0.318036	2	6	0	46.3685
0.32025	2	7	0	22.9406
0.320304	2	5	0	38.4091
0.322536	2	8	0	22.5035
0.322571	2	6	0	45.9615
0.322589	2	5	0	38.3539
0.322625	2	4	0	56.7973
0.32525	2	8	0	20.7785
0.325286	2	9	0	20.6698
0.325304	2	7	0	22.6966
0.325321	2	6	0	45.7527
0.325339	2	4	0	56.8243
0.325357	2	2	0	38.1649
0.325786	2	1	0	43.9207
0.32775	2	7	0	22.943
0.327786	2	4	0	56.7643
0.327804	2	3	0	39.945
0.328536	2	5	0	38.6906
0.33025	2	5	0	25.1809
0.330286	2	8	0	22.5227
0.330536	2	6	0	45.722
0.33275	2	8	0	22.5193
0.332786	2	9	0	20.5712
0.332804	2	5	0	38.8624
0.333036	2	7	0	23.0809
0.33525	2	7	0	23.7265
0.335304	2	5	0	39.0247
0.335339	2	4	0	57.0282
0.337554	2	6	0	45.7778
0.337571	2	4	0	57.0704
0.337786	2	6	0	45.8143
0.337804	2	2	0	37.801
0.338286	2	8	0	23.0522
0.338304	2	1	0	43.5042
0.34025	2	8	0	24.0948
0.340286	2	4	0	57.2637
0.340304	2	3	0	39.945
0.340536	2	9	0	20.1917
0.341036	2	7	0	22.9635
0.341054	2	5	0	39.3211
0.34275	2	7	0	24.0407
0.343036	2	6	0	46.0327
0.345054	2	5	0	39.8578
0.347536	2	8	0	22.9576
0.347554	2	6	0	46.2895
0.347571	2	5	0	40.0267
0.347607	2	4	0	57.7128
0.348536	2	9	0	20.6738
0.35025	2	8	0	24.6599
0.350286	2	7	0	22.8222
0.350321	2	6	0	46.1169
0.350339	2	4	0	57.6975
0.350357	2	2	0	36.0938
0.350786	2	1	0	42.9714
0.35275	2	7	0	23.9073
0.352786	2	4	0	57.3888
0.352804	2	3	0	39.945
0.353536	2	5	0	40.0879
0.355036	2	8	0	22.5864
0.355054	2	5	0	40.2754
0.355536	2	6	0	45.6745
0.35775	2	8	0	25.1838
0.357786	2	9	0	21.5949
0.357804	2	7	0	22.4899
0.357821	2	5	0	40.2765
0.36025	2	7	0	23.0604
0.360286	2	6	0	45.4135
0.360304	2	5	0	40.1702
0.360339	2	4	0	57.6503
0.362536	2	8	0	22.6229
0.362571	2	6	0	45.7954
0.362589	2	4	0	57.3918
0.362786	2	2	0	35.536
0.363286	2	1	0	43.2967
0.36525	2	8	0	25.1444
0.365286	2	9	0	21.8095
0.365304	2	7	0	22.2591
0.365321	2	4	0	57.2169
0.365339	2	3	0	39.945
0.366036	2	5	0	40.159
0.36775	2	7	0	21.2535
0.368036	2	6	0	45.5348
0.370054	2	5	0	40.3604
0.370286	2	8	0	22.8993
0.37275	2	8	0	25.7717
0.372786	2	9	0	21.8893
0.372804	2	6	0	45.5268
0.372821	2	5	0	40.3854
0.372857	2	4	0	56.8654
0.373036	2	7	0	21.7964
0.37525	2	7	0	17.8498
0.375304	2	6	0	45.47
0.375321	2	4	0	56.6102
0.375339	2	2	0	35.2752
0.375786	2	1	0	44.1074
0.377536	2	3	0	39.945
0.377786	2	4	0	56.6512
0.378286	2	8	0	23.444
0.378536	2	5	0	40.3323
0.38025	2	8	0	26.1977
0.380536	2	9	0	22.4922
0.380554	2	6	0	45.5452
0.381036	2	7	0	21.2465
0.38275	2	7	0	13.4905
0.382804	2	5	0	40.2595
0.385036	2	6	0	45.343
0.385054	2	5	0	40.0945
0.385071	2	4	0	56.3113
0.387536	2	8	0	23.4328
0.387554	2	6	0	45.3467
0.387571	2	4	0	56.1103
0.387786	2	2	0	35.394
0.388286	2	1	0	44.3048
0.388536	2	9	0	22.3996
0.39025	2	8	0	25.833
0.390286	2	7	0	20.4994
0.390304	2	4	0	56.3553
0.390321	2	3	0	39.945
0.391036	2	5	0	40.3341
0.39275	2	7	0	2.98733
0.392786	2	6	0	45.7968
0.392804	2	4	0	55.7401
0.393036	2	6	0	45.7226
0.395036	2	8	0	23.3361
0.395071	2	5	0	39.9204
0.39775	2	5	0	37.5844
0.39775	2	8	0	20.0702
0.397786	2	9	0	22.3818
0.397821	2	7	0	19.4931
0.397839	2	5	0	39.9276
0.397875	2	4	0	55.7194
0.40025	2	7	0	2.60354
0.400304	2	6	0	45.433
0.400321	2	4	0	55.3897
0.400339	2	2	0	34.7461
0.400536	2	6	0	45.358
0.400786	2	1	0	44.0738
0.402536	2	8	0	23.2376
0.402554	2	3	0	39.945
0.402786	2	4	0	55.5774
0.403536	2	5	0	39.6414
0.405036	2	9	0	22.6704
0.405107	2	7	0	18.5199
0.405536	2	6	0	45.1301
0.407554	2	5	0	39.4622
0.410036	2	6	0	44.468
0.410054	2	5	0	39.4978
0.410089	2	4	0	55.7136
0.410286	2	8	0	23.2165
0.412536	2	9	0	22.8167
0.412571	2	6	0	44.8196
0.412589	2	4	0	55.3887
0.412786	2	2	0	34.4067
0.413071	2	7	0	17.5905
0.413286	2	1	0	44.6354
0.415036	2	3	0	39.945
0.415286	2	4	0	55.575
0.416036	2	5	0	39.4708
0.418036	2	6	0	45.4716
0.418286	2	8	0	22.8761
0.420036	2	5	0	39.2132
0.420536	2	9	0	22.3418
0.421054	2	7	0	17.2899
0.42275	2	9	0	23.1381
0.422804	2	5	0	38.9691
0.422839	2	4	0	55.4975
0.423036	2	4	0	55.4656
0.425054	2	6	0	45.1461
0.425286	2	6	0	45.1299
0.425304	2	2	0	33.3413
0.425786	2	1	0	45.206
0.427536	2	8	0	22.9106
0.427554	2	3	0	39.945
0.427786	2	4	0	55.3003
0.428536	2	9	0	22.2614
0.428554	2	5	0	39.1592
0.43025	2	9	0	22.7891
0.430304	2	7	0	18.1003
0.430536	2	6	0	45.055
0.432554	2	5	0	39.3633
0.435036	2	8	0	22.4436
0.435054	2	6	0	44.7448
0.435071	2	5	0	39.3833
0.435107	2	4	0	55.3037
0.437536	2	9	0	22.6391
0.437571	2	7	0	18.5709
0.437607	2	6	0	44.7771
0.437625	2	4	0	55.6907
0.437786	2	2	0	31.0149
0.438286	2	1	0	45.5817
0.44025	2	9	0	22.9227
0.440286	2	4	0	55.6992
0.440304	2	3	0	39.945
0.441036	2	5	0	39.5252
0.442536	2	8	0	22.3342
0.443036	2	6	0	45.3126
0.44525	2	8	0	23.141
0.445286	2	9	0	22.4462
0.445304	2	7	0	19.5533
0.445339	2	5	0	39.5809
0.44775	2	9	0	22.674
0.447786	2	6	0	45.362
0.447804	2	5	0	39.8396
0.447839	2	4	0	55.309
0.450036	2	6	0	45.3081
0.450054	2	4	0	54.9706
0.450286	2	8	0	22.7045
0.450304	2	2	0	30.3764
0.450786	2	1	0	45.5508
0.45275	2	8	0	14.2409
0.45275	2	2	0	32.536
0.452786	2	9	0	22.0447
0.452804	2	6	0	45.1184
0.452821	2	4	0	55.0825
0.452839	2	3	0	39.945
0.453036	2	7	0	20.32
0.453536	2	5	0	39.8165
0.45525	2	9	0	22.1158
0.455536	2	6	0	44.7693
0.457554	2	5	0	39.9564
0.458286	2	8	0	23.0331
0.460036	2	6	0	44.5186
0.460054	2	5	0	39.8802
0.460089	2	4	0	55.5938
0.460536	2	9	0	22.0921
0.461036	2	7	0	21.4245
0.46275	2	9	0	22.2104
0.462804	2	6	0	44.2961
0.462821	2	2	0	29.791
0.463286	2	1	0	45.8521
0.465036	2	4	0	55.5257
0.465054	2	3	0	39.945
0.465286	2	4	0	55.6344
0.466036	2	5	0	40.1415
0.467536	2	8	0	23.0398
0.468036	2	6	0	44.5184
0.468536	2	9	0	22.3102
0.47025	2	9	0	22.2823
0.470286	2	7	0	21.635
0.470321	2	5	0	40.0134
0.472536	2	6	0	44.1955
0.472554	2	5	0	39.8921
0.472571	2	4	0	55.2726
0.475036	2	8	0	23.3685
0.475054	2	6	0	43.9359
0.475071	2	4	0	55.1766
0.475286	2	2	0	30.0283
0.475786	2	1	0	45.931
0.477536	2	9	0	22.6161
0.477554	2	7	0	21.4775
0.477571	2	4	0	55.0569
0.477589	2	3	0	39.945
0.477786	2	4	0	55.0954
0.478536	2	5	0	39.7076
0.48025	2	9	0	22.7933
0.480286	2	6	0	44.0737
0.480536	2	6	0	44.1221
0.482536	2	8	0	22.8813
0.482554	2	5	0	39.9189
0.485036	2	9	0	23.082
0.485054	2	7	0	21.6272
0.485089	2	5	0	39.9819
0.485125	2	4	0	55.3644
0.48775	2	9	0	23.0447
0.487804	2	6	0	44.3717
0.487821	2	4	0	55.0404
0.487839	2	2	0	30.3332
0.488286	2	1	0	45.6223
0.490036	2	3	0	39.945
0.490286	2	8	0	22.675
0.490304	2	4	0	55.05
0.491036	2	5	0	39.4606
0.49275	2	8	0	18.5582
0.492786	2	9	0	22.9623
0.493036	2	7	0	21.3468
0.493054	2	6	0	44.1122
0.49525	2	9	0	23.1209
0.495286	2	6	0	44.3902
0.495321	2	5	0	39.3659
0.497536	2	6	0	44.3558
0.497554	2	5	0	39.6492
0.497589	2	4	0	54.7878
0.498286	2	8	0	22.6255
0.500054	2	6	0	45.1993
0.500071	2	4	0	87.8052
0.500286	2	2	0	37.0912
0.500536	2	9	0	8.79372
0.500786	2	1	0	43.4398
0.501036	2	7	0	23.53
0.50275	2	9	0	11.0398
0.50275	2	7	0	-1.66983
0.50275	2	2	0	32.3811
0.502786	2	4	0	87.8819
0.502804	2	3	0	37.8266
0.503536	2	5	0	39.8899
0.50525	2	9	0	13.3869
0.505536	2	6	0	45.532
0.50775	2	9	0	13.1406
0.507786	2	8	0	23.0609
0.507804	2	5	0	40.5676
0.508536	2	9	0	8.58503
0.51025	2	9	0	8.47526
0.51025	2	8	0	26.8052
0.510375	2	7	0	22.633
0.510393	2	6	0	45.426
0.510429	2	5	0	40.5175
0.510446	2	4	0	88.0377
0.51275	2	5	0	23.798
0.51275	2	9	0	12.1243
0.512786	2	6	0	45.3289
0.512821	2	4	0	88.0497
0.512839	2	2	0	36.9192
0.513286	2	1	0	41.9093
0.51525	2	9	0	13.6619
0.515286	2	8	0	22.3195
0.515304	2	6	0	45.145
0.515321	2	4	0	88.2401
0.515339	2	3	0	37.8266
0.516036	2	5	0	39.933
0.51775	2	8	0	26.2274
0.517786	2	9	0	8.58557
0.517804	2	7	0	22.533
0.518036	2	6	0	45.2343
0.52025	2	9	0	13.729
0.520304	2	5	0	39.2159
0.52275	2	9	0	13.8683
0.522786	2	8	0	22.455
0.522804	2	6	0	45.3673
0.522821	2	5	0	39.0735
0.522839	2	4	0	88.1723
0.52525	2	9	0	13.129
0.52525	2	8	0	14.8373
0.525286	2	9	0	8.55977
0.525304	2	7	0	22.6403
0.525321	2	6	0	44.8853
0.525339	2	4	0	88.2874
0.525357	2	2	0	36.7011
0.525786	2	1	0	42.2466
0.52775	2	6	0	43.8947
0.52775	2	9	0	15.8894
0.527786	2	4	0	88.2481
0.527804	2	3	0	37.8266
0.528536	2	5	0	41.2594
0.53025	2	5	0	20.0098
0.53025	2	9	0	12.8646
0.530286	2	8	0	21.6981
0.530304	2	5	0	42.243
0.530536	2	6	0	44.704
0.53275	2	9	0	12.88
0.53275	2	8	0	13.5226
0.532786	2	9	0	8.23856
0.532804	2	5	0	43.2585
0.533036	2	7	0	22.9372
0.53525	2	9	0	13.3069
0.535286	2	6	0	44.892
0.535304	2	5	0	44.0982
0.535321	2	4	0	88.2723
0.53775	2	9	0	13.2955
0.537786	2	6	0	44.9812
0.537804	2	4	0	88.1698
0.537821	2	2	0	37.3047
0.538304	2	8	0	21.9106
0.538321	2	1	0	43.7243
0.54025	2	9	0	12.5552
0.54025	2	1	0	37.4521
0.540286	2	4	0	87.9758
0.540304	2	3	0	37.8266
0.540536	2	9	0	7.70744
0.541036	2	7	0	24.1525
0.541054	2	5	0	45.3818
0.54275	2	9	0	13.3001
0.543036	2	6	0	44.7635
