0 37 4000 0
1 38 4020 0
2 39 4010 17.3205
3 40 3990 17.3205
4 41 3980 2.44929e-15
5 42 3990 -17.3205
6 43 4010 -17.3205
7 44 2000 3464.1
8 45 2020 3464.1
9 46 2010 3481.42
10 47 1990 3481.42
11 48 1980 3464.1
12 49 1990 3446.78
13 50 2010 3446.78
14 51 -2000 3464.1
15 52 -1980 3464.1
16 53 -1990 3481.42
17 54 -2010 3481.42
18 55 -2020 3464.1
19 56 -2010 3446.78
20 57 -1990 3446.78
21 58 -4000 4.89859e-13
22 59 -3980 4.75163e-13
23 60 -3990 17.3205
24 61 -4010 17.3205
25 62 -4020 5.78058e-13
26 63 -4010 -17.3205
27 64 -3990 -17.3205
28 65 -2000 -3464.1
29 66 -1980 -3464.1
30 67 -1990 -3446.78
31 68 -2010 -3446.78
32 69 -2020 -3464.1
33 70 -2010 -3481.42
34 71 -1990 -3481.42
35 72 2000 -3464.1
36 73 2020 -3464.1
37 74 2010 -3446.78
38 75 1990 -3446.78
39 76 1980 -3464.1
40 77 1990 -3481.42
41 78 2010 -3481.42
42 1 600 0
43 2 519.615 300
44 3 300 519.615
45 4 3.67394e-14 600
46 5 -300 519.615
47 6 -519.615 300
48 7 -600 3.39932e-13
49 8 -519.615 -300
50 9 -300 -519.615
51 10 -1.10218e-13 -600
52 11 300 -519.615
53 12 519.615 -300
54 13 -273.872 -14.0924
55 14 -257.277 215.192
56 15 219.274 -49.5094
57 16 -163.722 -16.6686
58 17 132.613 128.919
59 18 -97.6223 -244.988
60 19 125.437 258.226
61 20 -230.538 59.3115
62 21 -64.3301 296.766
63 22 -35.7552 -16.4778
64 23 -174.776 120.027
65 24 -246.175 -180.479
66 25 126.011 87.4431
67 26 193.21 273.64
68 27 24.013 176.323
69 28 -201.916 -95.5835
70 29 -174.89 -190.657
71 30 -249.021 -299.051
72 31 223.497 -74.6938
73 32 -10.5752 296.213
74 33 63.9238 -4.23249
75 34 -278.018 135.417
76 35 126.404 26.5839
77 36 -274.732 -1.04042
