0 1 4000 0
1 2 4020 0
2 3 4010 17.3205
3 4 3990 17.3205
4 5 3980 2.44929e-15
5 6 3990 -17.3205
6 7 4010 -17.3205
7 8 2000 3464.1
8 9 2020 3464.1
9 10 2010 3481.42
10 11 1990 3481.42
11 12 1980 3464.1
12 13 1990 3446.78
13 14 2010 3446.78
14 15 -2000 3464.1
15 16 -1980 3464.1
16 17 -1990 3481.42
17 18 -2010 3481.42
18 19 -2020 3464.1
19 20 -2010 3446.78
20 21 -1990 3446.78
21 22 -4000 4.89859e-13
22 23 -3980 4.75163e-13
23 24 -3990 17.3205
24 25 -4010 17.3205
25 26 -4020 5.78058e-13
26 27 -4010 -17.3205
27 28 -3990 -17.3205
28 29 -2000 -3464.1
29 30 -1980 -3464.1
30 31 -1990 -3446.78
31 32 -2010 -3446.78
32 33 -2020 -3464.1
33 34 -2010 -3481.42
34 35 -1990 -3481.42
35 36 2000 -3464.1
36 37 2020 -3464.1
37 38 2010 -3446.78
38 39 1990 -3446.78
39 40 1980 -3464.1
40 41 1990 -3481.42
41 42 2010 -3481.42
42 43 600 0
43 44 519.615 300
44 45 300 519.615
45 46 3.67394e-14 600
46 47 -300 519.615
47 48 -519.615 300
48 49 -600 3.39932e-13
49 50 -519.615 -300
50 51 -300 -519.615
51 52 -1.10218e-13 -600
52 53 300 -519.615
53 54 519.615 -300
54 55 71.6836 9.88436
55 56 95.642 -59.3675
56 57 158.831 -86.7551
57 58 202.098 -271.332
58 59 -77.5526 -132.394
59 60 -170.692 -248.527
60 61 -165.015 -36.1854
61 62 -278.374 -244.808
62 63 195.709 284.28
63 64 252.467 -297.054
64 65 134.719 191.678
65 66 188.994 267.386
66 67 -294.23 78.7877
67 68 264.527 202.558
68 69 -151.902 -110.803
69 70 210.2 -240.394
70 71 -82.2937 272.048
71 72 232.532 -120.486
72 73 -104.546 99.1735
73 74 84.5626 -262.541
74 75 15.1898 36.0644
75 76 -42.783 -218.443
76 77 -60.9193 153.299
77 78 -231.239 -181.763
