0 37 750 0
1 38 770 0
2 39 760 17.3205
3 40 740 17.3205
4 41 730 2.44929e-15
5 42 740 -17.3205
6 43 760 -17.3205
7 44 375 649.519
8 45 395 649.519
9 46 385 666.84
10 47 365 666.84
11 48 355 649.519
12 49 365 632.199
13 50 385 632.199
14 51 -375 649.519
15 52 -355 649.519
16 53 -365 666.84
17 54 -385 666.84
18 55 -395 649.519
19 56 -385 632.199
20 57 -365 632.199
21 58 -750 9.18485e-14
22 59 -730 7.71527e-14
23 60 -740 17.3205
24 61 -760 17.3205
25 62 -770 1.80048e-13
26 63 -760 -17.3205
27 64 -740 -17.3205
28 65 -375 -649.519
29 66 -355 -649.519
30 67 -365 -632.199
31 68 -385 -632.199
32 69 -395 -649.519
33 70 -385 -666.84
34 71 -365 -666.84
35 72 375 -649.519
36 73 395 -649.519
37 74 385 -632.199
38 75 365 -632.199
39 76 355 -649.519
40 77 365 -666.84
41 78 385 -666.84
42 1 600 0
43 2 519.615 300
44 3 300 519.615
45 4 3.67394e-14 600
46 5 -300 519.615
47 6 -519.615 300
48 7 -600 3.39932e-13
49 8 -519.615 -300
50 9 -300 -519.615
51 10 -1.10218e-13 -600
52 11 300 -519.615
53 12 519.615 -300
54 13 -17.1426 232.914
55 14 246.835 287.521
56 15 -218.838 -41.6245
57 16 262.21 42.8672
58 17 -162.692 210.137
59 18 -265.979 -143.722
60 19 -112.759 134.442
61 20 245.622 -97.0684
62 21 -270.871 -120.764
63 22 290.528 250.683
64 23 -1.5633 -4.79196
65 24 3.68825 299.081
66 25 121.002 267.955
67 26 3.3741 -94.0034
68 27 -290.361 -89.8813
69 28 -156.986 -290.858
70 29 -206.515 231.616
71 30 188.029 -119.405
72 31 178.921 179.337
73 32 166.289 140.062
74 33 -12.5316 251.118
75 34 240.345 -17.7966
76 35 -116.197 188.977
77 36 205.896 -32.5313
