0 37 1000 0
1 38 1020 0
2 39 1010 17.3205
3 40 990 17.3205
4 41 980 2.44929e-15
5 42 990 -17.3205
6 43 1010 -17.3205
7 44 500 866.025
8 45 520 866.025
9 46 510 883.346
10 47 490 883.346
11 48 480 866.025
12 49 490 848.705
13 50 510 848.705
14 51 -500 866.025
15 52 -480 866.025
16 53 -490 883.346
17 54 -510 883.346
18 55 -520 866.025
19 56 -510 848.705
20 57 -490 848.705
21 58 -1000 1.22465e-13
22 59 -980 1.07769e-13
23 60 -990 17.3205
24 61 -1010 17.3205
25 62 -1020 2.10664e-13
26 63 -1010 -17.3205
27 64 -990 -17.3205
28 65 -500 -866.025
29 66 -480 -866.025
30 67 -490 -848.705
31 68 -510 -848.705
32 69 -520 -866.025
33 70 -510 -883.346
34 71 -490 -883.346
35 72 500 -866.025
36 73 520 -866.025
37 74 510 -848.705
38 75 490 -848.705
39 76 480 -866.025
40 77 490 -883.346
41 78 510 -883.346
42 1 600 0
43 2 519.615 300
44 3 300 519.615
45 4 3.67394e-14 600
46 5 -300 519.615
47 6 -519.615 300
48 7 -600 3.39932e-13
49 8 -519.615 -300
50 9 -300 -519.615
51 10 -1.10218e-13 -600
52 11 300 -519.615
53 12 519.615 -300
54 13 -191.326 269.173
55 14 -167.967 198.289
56 15 184.304 -238.556
57 16 -128.572 291.78
58 17 -129.583 59.267
59 18 210.796 -143.663
60 19 210.945 153.482
61 20 -209.129 24.9301
62 21 226.542 218.078
63 22 -104.766 221.976
64 23 255.328 -27.2714
65 24 264.844 -195.482
66 25 -225.67 -114.41
67 26 5.55466 6.22532
68 27 280.845 66.9735
69 28 92.8787 108.449
70 29 -19.1437 220.542
71 30 95.8965 74.9593
72 31 230.203 24.0813
73 32 -141.109 42.4655
74 33 230.978 72.341
75 34 -78.0354 -291.61
76 35 272.436 -167.259
77 36 -228.891 100.226
