0 37 2000 0
1 38 2020 0
2 39 2010 17.3205
3 40 1990 17.3205
4 41 1980 2.44929e-15
5 42 1990 -17.3205
6 43 2010 -17.3205
7 44 1000 1732.05
8 45 1020 1732.05
9 46 1010 1749.37
10 47 990 1749.37
11 48 980 1732.05
12 49 990 1714.73
13 50 1010 1714.73
14 51 -1000 1732.05
15 52 -980 1732.05
16 53 -990 1749.37
17 54 -1010 1749.37
18 55 -1020 1732.05
19 56 -1010 1714.73
20 57 -990 1714.73
21 58 -2000 2.44929e-13
22 59 -1980 2.30234e-13
23 60 -1990 17.3205
24 61 -2010 17.3205
25 62 -2020 3.33129e-13
26 63 -2010 -17.3205
27 64 -1990 -17.3205
28 65 -1000 -1732.05
29 66 -980 -1732.05
30 67 -990 -1714.73
31 68 -1010 -1714.73
32 69 -1020 -1732.05
33 70 -1010 -1749.37
34 71 -990 -1749.37
35 72 1000 -1732.05
36 73 1020 -1732.05
37 74 1010 -1714.73
38 75 990 -1714.73
39 76 980 -1732.05
40 77 990 -1749.37
41 78 1010 -1749.37
42 1 600 0
43 2 519.615 300
44 3 300 519.615
45 4 3.67394e-14 600
46 5 -300 519.615
47 6 -519.615 300
48 7 -600 3.39932e-13
49 8 -519.615 -300
50 9 -300 -519.615
51 10 -1.10218e-13 -600
52 11 300 -519.615
53 12 519.615 -300
54 13 -83.5806 -272.976
55 14 -214.451 299.893
56 15 148.23 101.196
57 16 -151.477 256.407
58 17 231.942 228.391
59 18 151.213 25.1346
60 19 -90.8267 175.434
61 20 102.636 -111.931
62 21 -99.8514 245.379
63 22 210.234 197.89
64 23 -171.161 129.91
65 24 -261.029 94.9315
66 25 -244.585 103.547
67 26 -179.202 76.3741
68 27 -144.233 -157.423
69 28 -213.444 293.09
70 29 -112.117 -139.695
71 30 220.651 -152.515
72 31 -202.43 -232.985
73 32 144.755 -38.097
74 33 30.929 2.17899
75 34 117.234 -117.762
76 35 -24.4347 192.808
77 36 79.2816 -99.4863
