0 37 4000 0
1 38 4020 0
2 39 4010 17.3205
3 40 3990 17.3205
4 41 3980 2.44929e-15
5 42 3990 -17.3205
6 43 4010 -17.3205
7 44 2000 3464.1
8 45 2020 3464.1
9 46 2010 3481.42
10 47 1990 3481.42
11 48 1980 3464.1
12 49 1990 3446.78
13 50 2010 3446.78
14 51 -2000 3464.1
15 52 -1980 3464.1
16 53 -1990 3481.42
17 54 -2010 3481.42
18 55 -2020 3464.1
19 56 -2010 3446.78
20 57 -1990 3446.78
21 58 -4000 4.89859e-13
22 59 -3980 4.75163e-13
23 60 -3990 17.3205
24 61 -4010 17.3205
25 62 -4020 5.78058e-13
26 63 -4010 -17.3205
27 64 -3990 -17.3205
28 65 -2000 -3464.1
29 66 -1980 -3464.1
30 67 -1990 -3446.78
31 68 -2010 -3446.78
32 69 -2020 -3464.1
33 70 -2010 -3481.42
34 71 -1990 -3481.42
35 72 2000 -3464.1
36 73 2020 -3464.1
37 74 2010 -3446.78
38 75 1990 -3446.78
39 76 1980 -3464.1
40 77 1990 -3481.42
41 78 2010 -3481.42
42 1 600 0
43 2 519.615 300
44 3 300 519.615
45 4 3.67394e-14 600
46 5 -300 519.615
47 6 -519.615 300
48 7 -600 3.39932e-13
49 8 -519.615 -300
50 9 -300 -519.615
51 10 -1.10218e-13 -600
52 11 300 -519.615
53 12 519.615 -300
54 13 151.156 244.343
55 14 -175.546 -18.7793
56 15 202.286 75.6398
57 16 140.059 297.653
58 17 79.0771 87.9916
59 18 273.675 -289.372
60 19 220.733 50.0928
61 20 -209.014 -24.7303
62 21 -62.8099 -278.947
63 22 46.9082 -21.6192
64 23 -177.326 -259.54
65 24 270.465 -216.843
66 25 -222.229 172.488
67 26 76.4494 143.25
68 27 105.96 -32.8064
69 28 -193.786 190.053
70 29 230.029 -195.454
71 30 -69.3366 240.237
72 31 -106.064 -294.327
73 32 181.004 47.5012
74 33 -226.078 -240.647
75 34 201.95 -40.2305
76 35 -284.84 285.93
77 36 -25.8906 256.876
