0 37 4000 0
1 38 4020 0
2 39 4010 17.3205
3 40 3990 17.3205
4 41 3980 2.44929e-15
5 42 3990 -17.3205
6 43 4010 -17.3205
7 44 2000 3464.1
8 45 2020 3464.1
9 46 2010 3481.42
10 47 1990 3481.42
11 48 1980 3464.1
12 49 1990 3446.78
13 50 2010 3446.78
14 51 -2000 3464.1
15 52 -1980 3464.1
16 53 -1990 3481.42
17 54 -2010 3481.42
18 55 -2020 3464.1
19 56 -2010 3446.78
20 57 -1990 3446.78
21 58 -4000 4.89859e-13
22 59 -3980 4.75163e-13
23 60 -3990 17.3205
24 61 -4010 17.3205
25 62 -4020 5.78058e-13
26 63 -4010 -17.3205
27 64 -3990 -17.3205
28 65 -2000 -3464.1
29 66 -1980 -3464.1
30 67 -1990 -3446.78
31 68 -2010 -3446.78
32 69 -2020 -3464.1
33 70 -2010 -3481.42
34 71 -1990 -3481.42
35 72 2000 -3464.1
36 73 2020 -3464.1
37 74 2010 -3446.78
38 75 1990 -3446.78
39 76 1980 -3464.1
40 77 1990 -3481.42
41 78 2010 -3481.42
42 1 600 0
43 2 519.615 300
44 3 300 519.615
45 4 3.67394e-14 600
46 5 -300 519.615
47 6 -519.615 300
48 7 -600 3.39932e-13
49 8 -519.615 -300
50 9 -300 -519.615
51 10 -1.10218e-13 -600
52 11 300 -519.615
53 12 519.615 -300
54 13 -269.526 180.781
55 14 -147.111 -62.0566
56 15 -127.224 -175.665
57 16 3.36452 52.272
58 17 -28.4824 -215.028
59 18 239.05 -4.68147
60 19 -82.7998 161.804
61 20 -225.525 117.563
62 21 241.235 -254.926
63 22 147.993 122.679
64 23 14.8211 70.6939
65 24 167.84 -219.547
66 25 27.8254 93.7733
67 26 -133.867 260.437
68 27 -181.85 91.0123
69 28 -1.92447 -49.6344
70 29 -240.812 -251.655
71 30 -8.06747 -218.369
72 31 -229.788 68.5069
73 32 40.3116 -129.487
74 33 258.542 153.074
75 34 197.449 -42.3054
76 35 129.736 27.9028
77 36 -25.445 276.892
