0 37 4000 0
1 38 4020 0
2 39 4010 17.3205
3 40 3990 17.3205
4 41 3980 2.44929e-15
5 42 3990 -17.3205
6 43 4010 -17.3205
7 44 2000 3464.1
8 45 2020 3464.1
9 46 2010 3481.42
10 47 1990 3481.42
11 48 1980 3464.1
12 49 1990 3446.78
13 50 2010 3446.78
14 51 -2000 3464.1
15 52 -1980 3464.1
16 53 -1990 3481.42
17 54 -2010 3481.42
18 55 -2020 3464.1
19 56 -2010 3446.78
20 57 -1990 3446.78
21 58 -4000 4.89859e-13
22 59 -3980 4.75163e-13
23 60 -3990 17.3205
24 61 -4010 17.3205
25 62 -4020 5.78058e-13
26 63 -4010 -17.3205
27 64 -3990 -17.3205
28 65 -2000 -3464.1
29 66 -1980 -3464.1
30 67 -1990 -3446.78
31 68 -2010 -3446.78
32 69 -2020 -3464.1
33 70 -2010 -3481.42
34 71 -1990 -3481.42
35 72 2000 -3464.1
36 73 2020 -3464.1
37 74 2010 -3446.78
38 75 1990 -3446.78
39 76 1980 -3464.1
40 77 1990 -3481.42
41 78 2010 -3481.42
42 1 600 0
43 2 519.615 300
44 3 300 519.615
45 4 3.67394e-14 600
46 5 -300 519.615
47 6 -519.615 300
48 7 -600 3.39932e-13
49 8 -519.615 -300
50 9 -300 -519.615
51 10 -1.10218e-13 -600
52 11 300 -519.615
53 12 519.615 -300
54 13 295.378 2.87254
55 14 99.9418 87.0686
56 15 -271.504 -271.959
57 16 288.112 38.1885
58 17 -178.887 83.972
59 18 -82.7455 233.638
60 19 -54.2927 76.8948
61 20 -69.7407 39.8296
62 21 243.381 -46.5533
63 22 -268.913 228.221
64 23 -101.072 223.558
65 24 229.718 236.43
66 25 210.049 158.185
67 26 167.653 -174.9
68 27 -56.0849 -255.625
69 28 -120.023 -181.022
70 29 210.218 -277.506
71 30 -210.343 -220.339
72 31 0.179867 -132.214
73 32 101.087 -283.58
74 33 -239.884 277.307
75 34 292.565 74.2548
76 35 225.674 -228.468
77 36 211.894 -115.627
