0 37 4000 0
1 38 4020 0
2 39 4010 17.3205
3 40 3990 17.3205
4 41 3980 2.44929e-15
5 42 3990 -17.3205
6 43 4010 -17.3205
7 44 2000 3464.1
8 45 2020 3464.1
9 46 2010 3481.42
10 47 1990 3481.42
11 48 1980 3464.1
12 49 1990 3446.78
13 50 2010 3446.78
14 51 -2000 3464.1
15 52 -1980 3464.1
16 53 -1990 3481.42
17 54 -2010 3481.42
18 55 -2020 3464.1
19 56 -2010 3446.78
20 57 -1990 3446.78
21 58 -4000 4.89859e-13
22 59 -3980 4.75163e-13
23 60 -3990 17.3205
24 61 -4010 17.3205
25 62 -4020 5.78058e-13
26 63 -4010 -17.3205
27 64 -3990 -17.3205
28 65 -2000 -3464.1
29 66 -1980 -3464.1
30 67 -1990 -3446.78
31 68 -2010 -3446.78
32 69 -2020 -3464.1
33 70 -2010 -3481.42
34 71 -1990 -3481.42
35 72 2000 -3464.1
36 73 2020 -3464.1
37 74 2010 -3446.78
38 75 1990 -3446.78
39 76 1980 -3464.1
40 77 1990 -3481.42
41 78 2010 -3481.42
42 1 600 0
43 2 519.615 300
44 3 300 519.615
45 4 3.67394e-14 600
46 5 -300 519.615
47 6 -519.615 300
48 7 -600 3.39932e-13
49 8 -519.615 -300
50 9 -300 -519.615
51 10 -1.10218e-13 -600
52 11 300 -519.615
53 12 519.615 -300
54 13 -275.512 110.094
55 14 -174.385 -63.0482
56 15 156.133 -61.6276
57 16 45.1917 -169.185
58 17 205.708 25.0298
59 18 -130.489 -201.706
60 19 30.7237 -229.433
61 20 -1.13076 170.59
62 21 258.01 84.2684
63 22 179.078 -269.579
64 23 -132.837 -206.287
65 24 -187.049 288.364
66 25 241.64 -155.214
67 26 202.167 33.6481
68 27 253.662 20.5283
69 28 -90.237 -186.857
70 29 -67.252 117.414
71 30 233.378 293.895
72 31 293.112 124.68
73 32 38.0002 39.9922
74 33 291.872 -114.3
75 34 -163.48 40.7954
76 35 227.488 -107.919
77 36 -45.0592 251.373
