0 37 500 0
1 38 520 0
2 39 510 17.3205
3 40 490 17.3205
4 41 480 2.44929e-15
5 42 490 -17.3205
6 43 510 -17.3205
7 44 250 433.013
8 45 270 433.013
9 46 260 450.333
10 47 240 450.333
11 48 230 433.013
12 49 240 415.692
13 50 260 415.692
14 51 -250 433.013
15 52 -230 433.013
16 53 -240 450.333
17 54 -260 450.333
18 55 -270 433.013
19 56 -260 415.692
20 57 -240 415.692
21 58 -500 6.12323e-14
22 59 -480 4.65366e-14
23 60 -490 17.3205
24 61 -510 17.3205
25 62 -520 1.49432e-13
26 63 -510 -17.3205
27 64 -490 -17.3205
28 65 -250 -433.013
29 66 -230 -433.013
30 67 -240 -415.692
31 68 -260 -415.692
32 69 -270 -433.013
33 70 -260 -450.333
34 71 -240 -450.333
35 72 250 -433.013
36 73 270 -433.013
37 74 260 -415.692
38 75 240 -415.692
39 76 230 -433.013
40 77 240 -450.333
41 78 260 -450.333
42 1 600 0
43 2 519.615 300
44 3 300 519.615
45 4 3.67394e-14 600
46 5 -300 519.615
47 6 -519.615 300
48 7 -600 3.39932e-13
49 8 -519.615 -300
50 9 -300 -519.615
51 10 -1.10218e-13 -600
52 11 300 -519.615
53 12 519.615 -300
54 13 82.1919 -170.351
55 14 -189.145 -66.1478
56 15 230.012 -23.4133
57 16 -78.9544 96.8041
58 17 187.661 -62.3438
59 18 -105.794 -163.288
60 19 -201.091 69.9206
61 20 229.446 -0.211931
62 21 -116.093 86.4647
63 22 -266.171 -33.6967
64 23 132.44 220.621
65 24 65.0992 68.5595
66 25 -89.5252 189.754
67 26 266.337 -221.729
68 27 -175.774 -96.7284
69 28 257.095 103.501
70 29 284.542 -196.955
71 30 -128.189 280.026
72 31 57.4085 59.4462
73 32 281.378 -162.364
74 33 -224.626 57.2774
75 34 154.043 -210.913
76 35 114.767 -136.341
77 36 -239.365 81.2083
