0 37 750 0
1 38 770 0
2 39 760 17.3205
3 40 740 17.3205
4 41 730 2.44929e-15
5 42 740 -17.3205
6 43 760 -17.3205
7 44 375 649.519
8 45 395 649.519
9 46 385 666.84
10 47 365 666.84
11 48 355 649.519
12 49 365 632.199
13 50 385 632.199
14 51 -375 649.519
15 52 -355 649.519
16 53 -365 666.84
17 54 -385 666.84
18 55 -395 649.519
19 56 -385 632.199
20 57 -365 632.199
21 58 -750 9.18485e-14
22 59 -730 7.71527e-14
23 60 -740 17.3205
24 61 -760 17.3205
25 62 -770 1.80048e-13
26 63 -760 -17.3205
27 64 -740 -17.3205
28 65 -375 -649.519
29 66 -355 -649.519
30 67 -365 -632.199
31 68 -385 -632.199
32 69 -395 -649.519
33 70 -385 -666.84
34 71 -365 -666.84
35 72 375 -649.519
36 73 395 -649.519
37 74 385 -632.199
38 75 365 -632.199
39 76 355 -649.519
40 77 365 -666.84
41 78 385 -666.84
42 1 600 0
43 2 519.615 300
44 3 300 519.615
45 4 3.67394e-14 600
46 5 -300 519.615
47 6 -519.615 300
48 7 -600 3.39932e-13
49 8 -519.615 -300
50 9 -300 -519.615
51 10 -1.10218e-13 -600
52 11 300 -519.615
53 12 519.615 -300
54 13 -217.827 -145.363
55 14 281.193 167.615
56 15 96.1126 119.925
57 16 275.27 -81.7139
58 17 -27.5093 -8.43927
59 18 262.449 252.15
60 19 -229.367 -275.434
61 20 -198.409 -234.635
62 21 -117.658 199.527
63 22 -8.00534 90.2397
64 23 -90.1888 -274.273
65 24 -232.978 -212.589
66 25 137.14 54.1849
67 26 -268.173 -128.62
68 27 -237.264 -233.961
69 28 154.023 92.9489
70 29 -260.369 -264.299
71 30 -29.5424 43.6364
72 31 280.349 -284.335
73 32 22.6356 227.998
74 33 -95.0131 59.4782
75 34 140.194 99.1494
76 35 -204.526 51.7939
77 36 206.548 209.495
