0 37 4000 0
1 38 4020 0
2 39 4010 17.3205
3 40 3990 17.3205
4 41 3980 2.44929e-15
5 42 3990 -17.3205
6 43 4010 -17.3205
7 44 2000 3464.1
8 45 2020 3464.1
9 46 2010 3481.42
10 47 1990 3481.42
11 48 1980 3464.1
12 49 1990 3446.78
13 50 2010 3446.78
14 51 -2000 3464.1
15 52 -1980 3464.1
16 53 -1990 3481.42
17 54 -2010 3481.42
18 55 -2020 3464.1
19 56 -2010 3446.78
20 57 -1990 3446.78
21 58 -4000 4.89859e-13
22 59 -3980 4.75163e-13
23 60 -3990 17.3205
24 61 -4010 17.3205
25 62 -4020 5.78058e-13
26 63 -4010 -17.3205
27 64 -3990 -17.3205
28 65 -2000 -3464.1
29 66 -1980 -3464.1
30 67 -1990 -3446.78
31 68 -2010 -3446.78
32 69 -2020 -3464.1
33 70 -2010 -3481.42
34 71 -1990 -3481.42
35 72 2000 -3464.1
36 73 2020 -3464.1
37 74 2010 -3446.78
38 75 1990 -3446.78
39 76 1980 -3464.1
40 77 1990 -3481.42
41 78 2010 -3481.42
42 1 600 0
43 2 519.615 300
44 3 300 519.615
45 4 3.67394e-14 600
46 5 -300 519.615
47 6 -519.615 300
48 7 -600 3.39932e-13
49 8 -519.615 -300
50 9 -300 -519.615
51 10 -1.10218e-13 -600
52 11 300 -519.615
53 12 519.615 -300
54 13 -52.457 183.787
55 14 -194.857 295.351
56 15 -201.876 139.471
57 16 179.972 71.2542
58 17 -48.3007 50.6252
59 18 102.949 271.548
60 19 143.455 187.858
61 20 -280.286 -253.796
62 21 127.353 121.304
63 22 137.578 292.379
64 23 -112.35 282.308
65 24 -284.165 -165.558
66 25 -146.314 271.97
67 26 168.188 -255.023
68 27 226.038 -67.6283
69 28 -4.15559 -252.583
70 29 244.664 -24.8984
71 30 -125.433 14.1971
72 31 -141.11 -243.086
73 32 -65.4507 168.121
74 33 62.3284 -1.03854
75 34 62.1994 -29.9447
76 35 -127.246 -274.582
77 36 267.776 -19.1332
