0 0 1 4000 0 0
0 1 2 4020 0 0
0 2 3 4010 17.3205 0
0 3 4 3990 17.3205 0
0 4 5 3980 2.44929e-15 0
0 5 6 3990 -17.3205 0
0 6 7 4010 -17.3205 0


1 0 1 4000 0 0
1 1 2 4021.39 0 0
1 2 3 4010.69 18.5233 0
1 3 4 3989.31 18.5233 0
1 4 5 3978.61 2.61938e-15 0
1 5 6 3989.31 -18.5233 0
1 6 7 4010.69 -18.5233 0


2 0 1 4000 0 0
2 1 2 4022.78 0 0
2 2 3 4011.39 19.7261 0
2 3 4 3988.61 19.7261 0
2 4 5 3977.22 2.78947e-15 0
2 5 6 3988.61 -19.7261 0
2 6 7 4011.39 -19.7261 0


3 0 1 4000 0 0
3 1 2 4024.17 0 0
3 2 3 4012.08 20.9289 0
3 3 4 3987.92 20.9289 0
3 4 5 3975.83 2.95956e-15 0
3 5 6 3987.92 -20.9289 0
3 6 7 4012.08 -20.9289 0
