% time(s)	cellId	bwpId	IMSI	RNTI	frame	sframe	slot	symStart	numSym	harqId	ndi	rv	mcs	tbSize
0.2095	1	0	6	4	21	0	0	1	13	15	1	0	0	224
0.20975	1	0	6	4	21	0	1	1	1	14	1	0	0	14
0.21	1	0	6	4	21	0	2	1	1	13	1	0	0	14
0.21025	1	0	6	4	21	0	3	1	1	12	1	0	0	14
0.2105	1	0	6	4	21	1	0	1	1	11	1	0	0	14
0.212	1	0	6	4	21	2	2	1	1	15	1	0	28	403
0.21475	1	0	6	4	21	5	1	1	1	14	1	0	28	403
0.2175	1	0	4	6	21	8	0	1	13	15	1	0	0	224
0.21775	1	0	4	6	21	8	1	1	1	14	1	0	0	14
0.218	1	0	4	6	21	8	2	1	1	13	1	0	0	14
0.2195	1	0	4	6	22	0	0	1	1	15	1	0	28	403
0.222	1	0	6	4	22	2	2	1	1	15	1	0	28	403
0.2245	1	0	4	6	22	5	0	1	1	14	1	0	28	403
0.227	1	0	6	4	22	7	2	1	1	15	1	0	28	403
0.22725	1	0	6	4	22	7	3	1	1	14	1	0	28	403
0.2295	1	0	3	7	23	0	0	1	13	15	1	0	0	224
0.22975	1	0	3	7	23	0	1	1	1	14	1	0	0	14
0.23	1	0	3	7	23	0	2	1	1	13	1	0	0	14
0.23	1	0	4	6	23	0	2	2	1	15	1	0	28	403
0.23025	1	0	3	7	23	0	3	1	1	12	1	0	0	14
0.2305	1	0	3	7	23	1	0	1	1	11	1	0	0	14
0.232	1	0	3	7	23	2	2	1	1	15	1	0	15	171
0.2345	1	0	2	8	23	5	0	1	12	15	1	0	0	206
0.2345	1	0	6	4	23	5	0	13	1	15	1	0	28	403
0.23475	1	0	2	8	23	5	1	1	2	14	1	0	0	31
0.235	1	0	2	8	23	5	2	1	1	13	1	0	0	14
0.23525	1	0	2	8	23	5	3	1	1	12	1	0	0	14
0.2355	1	0	2	8	23	6	0	1	1	11	1	0	0	14
0.237	1	0	2	8	23	7	2	1	1	15	1	0	22	281
0.237	1	0	3	7	23	7	2	2	2	14	1	0	15	346
0.237	1	0	4	6	23	7	2	4	1	15	1	0	28	403
0.237	1	0	6	4	23	7	2	5	1	15	1	0	28	403
0.23975	1	0	6	4	24	0	1	1	1	15	1	0	28	403
0.242	1	0	2	8	24	2	2	1	1	14	1	0	22	281
0.2425	1	0	4	6	24	3	0	1	1	15	1	0	28	403
0.2445	1	0	3	7	24	5	0	1	2	15	1	0	18	399
0.247	1	0	6	4	24	7	2	1	2	15	1	0	28	810
0.2495	1	0	4	6	25	0	0	1	2	15	1	0	28	810
0.24975	1	0	2	8	25	0	1	1	1	15	1	0	24	324
0.25225	1	0	6	4	25	2	3	1	1	15	1	0	28	403
0.2525	1	0	3	7	25	3	0	1	2	15	1	0	18	399
0.255	1	0	4	6	25	5	2	1	1	15	1	0	28	403
0.257	1	0	5	5	25	7	2	1	13	15	1	0	0	224
0.25725	1	0	5	5	25	7	3	1	1	14	1	0	0	14
0.2575	1	0	5	5	25	8	0	1	1	13	1	0	0	14
0.25775	1	0	2	8	25	8	1	1	1	15	1	0	24	324
0.25775	1	0	5	5	25	8	1	2	1	12	1	0	0	14
0.258	1	0	5	5	25	8	2	1	1	11	1	0	0	14
0.2595	1	0	5	5	26	0	0	1	1	15	1	0	26	368
0.2595	1	0	6	4	26	0	0	2	2	15	1	0	28	810
0.25975	1	0	5	5	26	0	1	1	1	14	1	0	26	368
0.2605	1	0	3	7	26	1	0	1	1	15	1	0	20	237
0.262	1	0	4	6	26	2	2	1	2	15	1	0	28	810
0.262	1	0	6	4	26	2	2	3	1	15	1	0	28	403
0.26225	1	0	4	6	26	2	3	1	1	14	1	0	28	403
0.26475	1	0	6	4	26	5	1	1	1	15	1	0	28	403
0.2655	1	0	5	5	26	6	0	1	1	15	1	0	26	368
0.267	1	0	2	8	26	7	2	1	1	15	1	0	24	324
0.2675	1	0	4	6	26	8	0	1	1	15	1	0	28	403
0.2695	1	0	3	7	27	0	0	1	1	15	1	0	22	281
0.2695	1	0	5	5	27	0	0	2	1	15	1	0	26	368
0.272	1	0	4	6	27	2	2	1	1	15	1	0	28	403
0.272	1	0	5	5	27	2	2	2	1	15	1	0	26	368
0.272	1	0	6	4	27	2	2	3	2	15	1	0	28	810
0.2745	1	0	2	8	27	5	0	1	1	15	1	0	24	324
0.2745	1	0	4	6	27	5	0	2	2	15	1	0	28	810
0.2745	1	0	6	4	27	5	0	4	1	15	1	0	28	403
0.27525	1	0	9	1	27	5	3	1	13	15	1	0	0	224
0.2755	1	0	9	1	27	6	0	1	1	14	1	0	0	14
0.277	1	0	3	7	27	7	2	1	1	15	1	0	24	324
0.277	1	0	9	1	27	7	2	2	1	15	1	0	28	403
0.27725	1	0	6	4	27	7	3	1	1	15	1	0	28	403
0.278	1	0	5	5	27	8	2	1	1	15	1	0	26	368
0.28	1	0	4	6	28	0	2	1	1	15	1	0	28	403
0.282	1	0	2	8	28	2	2	1	1	15	1	0	24	324
0.282	1	0	5	5	28	2	2	2	2	15	1	0	28	810
0.2845	1	0	3	7	28	5	0	1	1	15	1	0	26	368
0.2845	1	0	4	6	28	5	0	2	1	15	1	0	28	403
0.2845	1	0	5	5	28	5	0	3	1	15	1	0	28	403
0.2845	1	0	6	4	28	5	0	4	2	15	1	0	28	810
0.287	1	0	4	6	28	7	2	1	2	15	1	0	28	810
0.287	1	0	6	4	28	7	2	3	1	15	1	0	28	403
0.28775	1	0	9	1	28	8	1	1	1	15	1	0	28	403
0.28975	1	0	2	8	29	0	1	1	1	15	1	0	24	324
0.28975	1	0	6	4	29	0	1	2	1	15	1	0	28	403
0.2905	1	0	5	5	29	1	0	1	1	15	1	0	28	403
0.2925	1	0	3	7	29	3	0	1	1	15	1	0	26	368
0.2925	1	0	4	6	29	3	0	2	1	15	1	0	28	403
0.2945	1	0	5	5	29	5	0	1	2	15	1	0	28	810
0.29725	1	0	4	6	29	7	3	1	1	15	1	0	28	403
0.29725	1	0	5	5	29	7	3	2	1	14	1	0	28	403
0.29725	1	0	6	4	29	7	3	3	2	15	1	0	28	810
0.29775	1	0	2	8	29	8	1	1	1	15	1	0	28	403
0.29975	1	0	4	6	30	0	1	1	1	15	1	0	28	403
0.29975	1	0	6	4	30	0	1	2	1	15	1	0	28	403
0.29975	1	0	8	2	30	0	1	3	11	15	1	0	0	189
0.3	1	0	8	2	30	0	2	1	3	14	1	0	0	49
0.30025	1	0	8	2	30	0	3	1	1	13	1	0	0	14
0.30025	1	0	9	1	30	0	3	2	1	15	1	0	28	403
0.3005	1	0	3	7	30	1	0	1	1	15	1	0	28	403
0.3005	1	0	8	2	30	1	0	2	1	12	1	0	0	14
0.302	1	0	4	6	30	2	2	1	1	15	1	0	28	403
0.302	1	0	7	3	30	2	2	2	11	15	1	0	0	189
0.302	1	0	8	2	30	2	2	13	1	15	1	0	28	403
0.30225	1	0	6	4	30	2	3	1	1	15	1	0	28	403
0.30225	1	0	7	3	30	2	3	2	3	14	1	0	0	49
0.3025	1	0	7	3	30	3	0	1	1	13	1	0	0	14
0.30275	1	0	7	3	30	3	1	1	1	12	1	0	0	14
0.303	1	0	5	5	30	3	2	1	1	15	1	0	26	368
0.303	1	0	7	3	30	3	2	2	1	11	1	0	0	14
0.3045	1	0	7	3	30	5	0	1	1	15	1	0	26	368
0.305	1	0	4	6	30	5	2	1	1	15	1	0	28	403
0.307	1	0	2	8	30	7	2	1	1	15	1	0	28	403
0.307	1	0	5	5	30	7	2	2	2	15	1	0	26	740
0.308	1	0	1	9	30	8	2	1	13	15	1	0	0	224
0.30975	1	0	1	9	31	0	1	1	1	15	1	0	24	324
0.30975	1	0	3	7	31	0	1	2	1	15	1	0	28	403
0.30975	1	0	4	6	31	0	1	3	1	15	1	0	28	403
0.30975	1	0	5	5	31	0	1	4	1	15	1	0	26	368
0.30975	1	0	6	4	31	0	1	5	1	15	1	0	28	403
0.31225	1	0	4	6	31	2	3	1	1	15	1	0	28	403
0.31225	1	0	6	4	31	2	3	2	2	15	1	0	28	810
0.31225	1	0	8	2	31	2	3	4	1	15	1	0	28	403
0.31275	1	0	9	1	31	3	1	1	1	15	1	0	28	403
0.3145	1	0	2	8	31	5	0	1	1	15	1	0	28	403
0.3145	1	0	4	6	31	5	0	2	1	15	1	0	28	403
0.3145	1	0	7	3	31	5	0	3	1	15	1	0	26	368
0.31475	1	0	6	4	31	5	1	1	1	15	1	0	28	403
0.3155	1	0	5	5	31	6	0	1	1	15	1	0	26	368
0.31725	1	0	1	9	31	7	3	1	1	15	1	0	24	324
0.31725	1	0	3	7	31	7	3	2	1	15	1	0	28	403
0.3175	1	0	4	6	31	8	0	1	1	15	1	0	28	403
0.31975	1	0	5	5	32	0	1	1	2	15	1	0	26	740
0.322	1	0	2	8	32	2	2	1	1	15	1	0	28	403
0.322	1	0	4	6	32	2	2	2	2	15	1	0	28	810
0.322	1	0	5	5	32	2	2	4	1	15	1	0	28	403
0.322	1	0	6	4	32	2	2	5	2	15	1	0	28	810
0.32475	1	0	1	9	32	5	1	1	1	15	1	0	24	324
0.32475	1	0	3	7	32	5	1	2	1	15	1	0	28	403
0.32475	1	0	4	6	32	5	1	3	1	15	1	0	28	403
0.32475	1	0	6	4	32	5	1	4	1	15	1	0	28	403
0.32475	1	0	8	2	32	5	1	5	1	15	1	0	28	403
0.32525	1	0	9	1	32	5	3	1	1	15	1	0	28	403
0.32725	1	0	6	4	32	7	3	1	1	15	1	0	28	403
0.32725	1	0	7	3	32	7	3	2	1	15	1	0	26	368
0.328	1	0	5	5	32	8	2	1	1	15	1	0	28	403
0.32975	1	0	2	8	33	0	1	1	1	15	1	0	28	403
0.33	1	0	4	6	33	0	2	1	1	15	1	0	28	403
0.33225	1	0	1	9	33	2	3	1	1	15	1	0	24	324
0.33225	1	0	5	5	33	2	3	2	1	15	1	0	28	403
0.3325	1	0	3	7	33	3	0	1	1	15	1	0	28	403
0.33475	1	0	5	5	33	5	1	1	2	15	1	0	28	810
0.33475	1	0	6	4	33	5	1	3	2	15	1	0	28	810
0.337	1	0	4	6	33	7	2	1	2	15	1	0	28	810
0.337	1	0	6	4	33	7	2	3	1	15	1	0	28	403
0.33725	1	0	4	6	33	7	3	1	1	14	1	0	28	403
0.33725	1	0	8	2	33	7	3	2	1	15	1	0	28	403
0.33775	1	0	2	8	33	8	1	1	1	15	1	0	28	403
0.33775	1	0	9	1	33	8	1	2	1	15	1	0	28	403
0.33975	1	0	6	4	34	0	1	1	1	15	1	0	28	403
0.33975	1	0	7	3	34	0	1	2	1	15	1	0	26	368
0.34	1	0	1	9	34	0	2	1	1	15	1	0	24	324
0.3405	1	0	3	7	34	1	0	1	1	15	1	0	28	403
0.3405	1	0	5	5	34	1	0	2	1	15	1	0	28	403
0.3425	1	0	4	6	34	3	0	1	1	15	1	0	28	403
0.3445	1	0	5	5	34	5	0	1	2	15	1	0	26	740
0.347	1	0	2	8	34	7	2	1	1	15	1	0	28	403
0.347	1	0	4	6	34	7	2	2	1	15	1	0	28	403
0.347	1	0	5	5	34	7	2	3	1	15	1	0	26	368
0.347	1	0	6	4	34	7	2	4	2	15	1	0	28	810
0.348	1	0	1	9	34	8	2	1	1	15	1	0	24	324
0.34975	1	0	3	7	35	0	1	1	1	15	1	0	28	403
0.34975	1	0	4	6	35	0	1	2	2	15	1	0	28	810
0.34975	1	0	6	4	35	0	1	4	1	15	1	0	28	403
0.34975	1	0	8	2	35	0	1	5	1	15	1	0	28	403
0.35025	1	0	9	1	35	0	3	1	1	15	1	0	28	403
0.35225	1	0	6	4	35	2	3	1	1	15	1	0	28	403
0.35225	1	0	7	3	35	2	3	2	1	15	1	0	26	368
0.353	1	0	5	5	35	3	2	1	1	15	1	0	26	368
0.3545	1	0	2	8	35	5	0	1	1	15	1	0	28	403
0.3545	1	0	5	5	35	5	0	2	1	15	1	0	26	368
0.355	1	0	4	6	35	5	2	1	1	15	1	0	28	403
0.35725	1	0	1	9	35	7	3	1	1	15	1	0	24	324
0.35725	1	0	3	7	35	7	3	2	1	15	1	0	28	403
0.35725	1	0	5	5	35	7	3	3	1	15	1	0	28	403
0.35975	1	0	4	6	36	0	1	1	1	15	1	0	28	403
0.35975	1	0	5	5	36	0	1	2	1	15	1	0	28	403
0.35975	1	0	6	4	36	0	1	3	2	15	1	0	28	810
0.362	1	0	2	8	36	2	2	1	1	15	1	0	28	403
0.362	1	0	4	6	36	2	2	2	2	15	1	0	28	810
0.362	1	0	6	4	36	2	2	4	1	15	1	0	28	403
0.36225	1	0	8	2	36	2	3	1	1	15	1	0	28	403
0.36275	1	0	9	1	36	3	1	1	1	15	1	0	28	403
0.36475	1	0	1	9	36	5	1	1	1	15	1	0	24	324
0.36475	1	0	3	7	36	5	1	2	1	15	1	0	28	403
0.36475	1	0	6	4	36	5	1	3	1	15	1	0	28	403
0.36475	1	0	7	3	36	5	1	4	1	15	1	0	26	368
0.3655	1	0	5	5	36	6	0	1	1	15	1	0	28	403
0.3675	1	0	4	6	36	8	0	1	1	15	1	0	28	403
0.3695	1	0	5	5	37	0	0	1	2	15	1	0	28	810
0.36975	1	0	2	8	37	0	1	1	1	15	1	0	28	403
0.37225	1	0	1	9	37	2	3	1	1	15	1	0	24	324
0.37225	1	0	4	6	37	2	3	2	1	15	1	0	28	403
0.37225	1	0	5	5	37	2	3	3	1	15	1	0	28	403
0.37225	1	0	6	4	37	2	3	4	2	15	1	0	28	810
0.3725	1	0	3	7	37	3	0	1	1	15	1	0	28	403
0.37475	1	0	4	6	37	5	1	1	2	15	1	0	28	810
0.37475	1	0	6	4	37	5	1	3	1	15	1	0	28	403
0.37475	1	0	8	2	37	5	1	4	1	15	1	0	28	403
0.37525	1	0	9	1	37	5	3	1	1	15	1	0	28	403
0.377	1	0	7	3	37	7	2	1	1	15	1	0	26	368
0.37725	1	0	6	4	37	7	3	1	1	15	1	0	28	403
0.37775	1	0	2	8	37	8	1	1	1	15	1	0	28	403
0.378	1	0	5	5	37	8	2	1	1	15	1	0	28	403
0.38	1	0	1	9	38	0	2	1	1	15	1	0	24	324
0.38	1	0	4	6	38	0	2	2	1	15	1	0	28	403
0.3805	1	0	3	7	38	1	0	1	1	15	1	0	28	403
0.38225	1	0	5	5	38	2	3	1	2	15	1	0	28	810
0.3845	1	0	4	6	38	5	0	1	1	15	1	0	28	403
0.3845	1	0	5	5	38	5	0	2	1	15	1	0	28	403
0.3845	1	0	6	4	38	5	0	3	1	15	1	0	28	403
0.387	1	0	2	8	38	7	2	1	1	15	1	0	28	403
0.387	1	0	4	6	38	7	2	2	1	15	1	0	28	403
0.387	1	0	6	4	38	7	2	3	1	15	1	0	28	403
0.38725	1	0	8	2	38	7	3	1	1	15	1	0	28	403
0.38775	1	0	9	1	38	8	1	1	1	15	1	0	28	403
0.388	1	0	1	9	38	8	2	1	1	15	1	0	22	281
0.38975	1	0	3	7	39	0	1	1	1	15	1	0	26	368
0.38975	1	0	6	4	39	0	1	2	1	15	1	0	28	403
0.38975	1	0	7	3	39	0	1	3	1	15	1	0	26	368
0.3905	1	0	5	5	39	1	0	1	1	15	1	0	28	403
0.39225	1	0	4	6	39	2	3	1	1	15	1	0	28	403
0.39225	1	0	6	4	39	2	3	2	1	15	1	0	28	403
0.3925	1	0	4	6	39	3	0	1	1	14	1	0	28	403
0.3945	1	0	2	8	39	5	0	1	1	15	1	0	28	403
0.3945	1	0	5	5	39	5	0	2	2	15	1	0	28	810
0.39725	1	0	1	9	39	7	3	1	1	15	1	0	22	281
0.39725	1	0	3	7	39	7	3	2	2	15	1	0	15	346
0.39725	1	0	5	5	39	7	3	4	1	14	1	0	26	368
0.39725	1	0	6	4	39	7	3	5	2	15	1	0	28	810
0.39975	1	0	4	6	40	0	1	1	2	15	1	0	28	810
0.39975	1	0	6	4	40	0	1	3	1	15	1	0	28	403
0.39975	1	0	8	2	40	0	1	4	1	15	1	0	28	403
0.4	1	0	4	6	40	0	2	1	1	14	1	0	28	403
0.40025	1	0	9	1	40	0	3	1	1	15	1	0	28	403
0.402	1	0	2	8	40	2	2	1	1	15	1	0	26	368
0.402	1	0	7	3	40	2	2	2	1	15	1	0	26	368
0.40225	1	0	6	4	40	2	3	1	1	15	1	0	28	403
0.403	1	0	5	5	40	3	2	1	1	15	1	0	26	368
0.4045	1	0	1	9	40	5	0	1	1	15	1	0	22	281
0.4045	1	0	3	7	40	5	0	2	4	15	1	0	6	253
0.405	1	0	4	6	40	5	2	1	1	15	1	0	28	403
0.407	1	0	5	5	40	7	2	1	2	15	1	0	28	810
0.4095	1	0	4	6	41	0	0	1	1	15	1	0	28	403
0.4095	1	0	5	5	41	0	0	2	1	15	1	0	28	403
0.4095	1	0	6	4	41	0	0	3	2	15	1	0	28	810
0.40975	1	0	2	8	41	0	1	1	1	15	1	0	24	324
0.412	1	0	1	9	41	2	2	1	1	15	1	0	22	281
0.412	1	0	4	6	41	2	2	2	2	15	1	0	28	810
0.412	1	0	6	4	41	2	2	4	1	15	1	0	28	403
0.41225	1	0	8	2	41	2	3	1	1	15	1	0	28	403
0.4125	1	0	3	7	41	3	0	1	3	15	1	0	8	254
0.41275	1	0	9	1	41	3	1	1	1	15	1	0	28	403
0.4145	1	0	7	3	41	5	0	1	1	15	1	0	26	368
0.41475	1	0	6	4	41	5	1	1	1	15	1	0	28	403
0.4155	1	0	5	5	41	6	0	1	1	15	1	0	28	403
0.4175	1	0	4	6	41	8	0	1	1	15	1	0	28	403
0.41775	1	0	2	8	41	8	1	1	1	15	1	0	24	324
0.4195	1	0	5	5	42	0	0	1	1	15	1	0	26	368
0.42	1	0	1	9	42	0	2	1	1	15	1	0	22	281
0.4205	1	0	3	7	42	1	0	1	2	15	1	0	13	276
0.42225	1	0	5	5	42	2	3	1	2	15	1	0	26	740
0.42225	1	0	6	4	42	2	3	3	2	15	1	0	28	810
0.4225	1	0	6	4	42	3	0	1	1	14	1	0	28	403
0.4245	1	0	4	6	42	5	0	1	2	15	1	0	28	810
0.42475	1	0	4	6	42	5	1	1	1	14	1	0	28	403
0.42475	1	0	8	2	42	5	1	2	1	15	1	0	28	403
0.42525	1	0	9	1	42	5	3	1	1	15	1	0	28	403
0.427	1	0	2	8	42	7	2	1	1	15	1	0	24	324
0.427	1	0	7	3	42	7	2	2	1	15	1	0	26	368
0.42725	1	0	6	4	42	7	3	1	1	15	1	0	28	403
0.428	1	0	1	9	42	8	2	1	1	15	1	0	28	403
0.428	1	0	5	5	42	8	2	2	1	15	1	0	26	368
0.42975	1	0	3	7	43	0	1	1	2	15	1	0	15	346
0.43	1	0	4	6	43	0	2	1	1	15	1	0	28	403
0.432	1	0	5	5	43	2	2	1	2	15	1	0	26	740
0.4345	1	0	2	8	43	5	0	1	1	15	1	0	24	324
0.4345	1	0	4	6	43	5	0	2	1	15	1	0	28	403
0.4345	1	0	5	5	43	5	0	3	1	15	1	0	26	368
0.4345	1	0	6	4	43	5	0	4	2	15	1	0	28	810
0.437	1	0	1	9	43	7	2	1	1	15	1	0	28	403
0.437	1	0	3	7	43	7	2	2	2	15	1	0	18	399
0.437	1	0	4	6	43	7	2	4	2	15	1	0	28	810
0.437	1	0	6	4	43	7	2	6	1	15	1	0	28	403
0.43725	1	0	8	2	43	7	3	1	1	15	1	0	28	403
0.43775	1	0	9	1	43	8	1	1	1	15	1	0	28	403
0.43975	1	0	6	4	44	0	1	1	1	15	1	0	28	403
0.43975	1	0	7	3	44	0	1	2	1	15	1	0	26	368
0.4405	1	0	5	5	44	1	0	1	1	15	1	0	26	368
0.442	1	0	2	8	44	2	2	1	1	15	1	0	24	324
0.4425	1	0	4	6	44	3	0	1	1	15	1	0	28	403
0.44475	1	0	1	9	44	5	1	1	1	15	1	0	28	403
0.44475	1	0	3	7	44	5	1	2	1	15	1	0	20	237
0.44475	1	0	5	5	44	5	1	3	2	15	1	0	26	740
0.44725	1	0	4	6	44	7	3	1	1	15	1	0	28	403
0.44725	1	0	5	5	44	7	3	2	1	15	1	0	26	368
0.44725	1	0	6	4	44	7	3	3	2	15	1	0	28	810
0.4495	1	0	4	6	45	0	0	1	1	15	1	0	28	403
0.4495	1	0	6	4	45	0	0	2	1	15	1	0	28	403
0.44975	1	0	2	8	45	0	1	1	1	15	1	0	28	403
0.44975	1	0	8	2	45	0	1	2	1	15	1	0	28	403
0.45025	1	0	9	1	45	0	3	1	1	15	1	0	28	403
0.45225	1	0	1	9	45	2	3	1	1	15	1	0	28	403
0.45225	1	0	4	6	45	2	3	2	1	15	1	0	28	403
0.45225	1	0	6	4	45	2	3	3	1	15	1	0	28	403
0.45225	1	0	7	3	45	2	3	4	1	15	1	0	26	368
0.4525	1	0	3	7	45	3	0	1	1	15	1	0	22	281
0.453	1	0	5	5	45	3	2	1	1	15	1	0	26	368
0.455	1	0	4	6	45	5	2	1	1	15	1	0	28	403
0.457	1	0	5	5	45	7	2	1	2	15	1	0	26	740
0.45775	1	0	2	8	45	8	1	1	1	15	1	0	22	281
0.4595	1	0	4	6	46	0	0	1	1	15	1	0	28	403
0.4595	1	0	5	5	46	0	0	2	1	15	1	0	26	368
0.4595	1	0	6	4	46	0	0	3	2	15	1	0	28	810
0.46	1	0	1	9	46	0	2	1	1	15	1	0	28	403
0.4605	1	0	3	7	46	1	0	1	1	15	1	0	22	281
0.46225	1	0	4	6	46	2	3	1	2	15	1	0	28	810
0.46225	1	0	8	2	46	2	3	3	1	15	1	0	28	403
0.46275	1	0	9	1	46	3	1	1	1	15	1	0	28	403
0.4645	1	0	6	4	46	5	0	1	1	15	1	0	28	403
0.4645	1	0	7	3	46	5	0	2	1	15	1	0	26	368
0.46475	1	0	6	4	46	5	1	1	1	14	1	0	28	403
0.4655	1	0	5	5	46	6	0	1	1	15	1	0	26	368
0.467	1	0	2	8	46	7	2	1	1	15	1	0	24	324
0.4675	1	0	4	6	46	8	0	1	1	15	1	0	28	403
0.468	1	0	1	9	46	8	2	1	1	15	1	0	28	403
0.46975	1	0	3	7	47	0	1	1	1	15	1	0	22	281
0.46975	1	0	5	5	47	0	1	2	2	15	1	0	28	810
0.472	1	0	4	6	47	2	2	1	1	15	1	0	28	403
0.472	1	0	5	5	47	2	2	2	1	15	1	0	28	403
0.472	1	0	6	4	47	2	2	3	1	15	1	0	28	403
0.4745	1	0	2	8	47	5	0	1	1	15	1	0	24	324
0.4745	1	0	4	6	47	5	0	2	1	15	1	0	28	403
0.4745	1	0	6	4	47	5	0	3	1	15	1	0	28	403
0.47475	1	0	8	2	47	5	1	1	1	15	1	0	28	403
0.47525	1	0	9	1	47	5	3	1	1	15	1	0	28	403
0.477	1	0	1	9	47	7	2	1	1	15	1	0	28	403
0.477	1	0	3	7	47	7	2	2	1	15	1	0	24	324
0.477	1	0	6	4	47	7	2	3	1	15	1	0	28	403
0.477	1	0	7	3	47	7	2	4	1	15	1	0	26	368
0.47725	1	0	6	4	47	7	3	1	1	14	1	0	28	403
0.478	1	0	5	5	47	8	2	1	1	15	1	0	28	403
0.47975	1	0	4	6	48	0	1	1	1	15	1	0	28	403
0.48	1	0	4	6	48	0	2	1	1	14	1	0	28	403
0.482	1	0	2	8	48	2	2	1	1	15	1	0	26	368
0.482	1	0	5	5	48	2	2	2	1	15	1	0	28	403
0.4845	1	0	1	9	48	5	0	1	1	15	1	0	28	403
0.4845	1	0	3	7	48	5	0	2	1	15	1	0	26	368
0.4845	1	0	5	5	48	5	0	3	2	15	1	0	28	810
0.4845	1	0	6	4	48	5	0	5	2	15	1	0	28	810
0.48725	1	0	4	6	48	7	3	1	2	15	1	0	28	810
0.48725	1	0	6	4	48	7	3	3	1	15	1	0	28	403
0.48725	1	0	8	2	48	7	3	4	1	15	1	0	28	403
0.48775	1	0	9	1	48	8	1	1	1	15	1	0	28	403
0.4895	1	0	7	3	49	0	0	1	1	15	1	0	26	368
0.48975	1	0	2	8	49	0	1	1	1	15	1	0	26	368
0.48975	1	0	6	4	49	0	1	2	1	15	1	0	28	403
0.4905	1	0	5	5	49	1	0	1	1	15	1	0	28	403
0.49225	1	0	1	9	49	2	3	1	1	15	1	0	28	403
0.4925	1	0	3	7	49	3	0	1	1	15	1	0	26	368
0.4925	1	0	4	6	49	3	0	2	1	15	1	0	28	403
0.49475	1	0	4	6	49	5	1	1	1	15	1	0	28	403
0.49475	1	0	5	5	49	5	1	2	2	15	1	0	28	810
0.497	1	0	4	6	49	7	2	1	1	15	1	0	28	403
0.497	1	0	5	5	49	7	2	2	1	15	1	0	28	403
0.497	1	0	6	4	49	7	2	3	2	15	1	0	28	810
0.49775	1	0	2	8	49	8	1	1	1	15	1	0	20	237
0.4995	1	0	4	6	50	0	0	1	2	15	1	0	28	810
0.4995	1	0	6	4	50	0	0	3	1	15	1	0	28	403
0.49975	1	0	8	2	50	0	1	1	1	15	1	0	28	403
0.5	1	0	1	9	50	0	2	1	1	15	1	0	28	403
0.50025	1	0	9	1	50	0	3	1	1	15	1	0	28	403
0.5005	1	0	3	7	50	1	0	1	1	15	1	0	26	368
0.50225	1	0	6	4	50	2	3	1	1	15	1	0	28	403
0.50225	1	0	7	3	50	2	3	2	1	15	1	0	26	368
0.503	1	0	5	5	50	3	2	1	1	15	1	0	28	403
0.505	1	0	4	6	50	5	2	1	1	15	1	0	28	403
0.50725	1	0	2	8	50	7	3	1	1	15	1	0	24	324
0.50725	1	0	5	5	50	7	3	2	1	15	1	0	28	403
0.508	1	0	1	9	50	8	2	1	1	14	1	0	26	368
0.50975	1	0	3	7	51	0	1	1	6	15	1	0	4	259
0.50975	1	0	4	6	51	0	1	7	1	15	1	0	28	403
0.50975	1	0	5	5	51	0	1	8	2	15	1	0	28	810
0.50975	1	0	6	4	51	0	1	10	1	15	1	0	28	403
0.51225	1	0	4	6	51	2	3	1	1	15	1	0	28	403
0.51225	1	0	6	4	51	2	3	2	2	15	1	0	28	810
0.51225	1	0	8	2	51	2	3	4	1	15	1	0	24	324
0.51275	1	0	9	1	51	3	1	1	1	15	1	0	28	403
0.51475	1	0	2	8	51	5	1	1	1	15	1	0	28	403
0.51475	1	0	4	6	51	5	1	2	1	15	1	0	28	403
0.51475	1	0	6	4	51	5	1	3	1	15	1	0	28	403
0.51475	1	0	7	3	51	5	1	4	1	15	1	0	28	403
0.5155	1	0	5	5	51	6	0	1	1	15	1	0	26	368
0.51725	1	0	1	9	51	7	3	1	1	15	1	0	26	368
0.51725	1	0	3	7	51	7	3	2	1	15	1	0	24	324
0.5175	1	0	4	6	51	8	0	1	1	15	1	0	28	403
0.51975	1	0	5	5	52	0	1	1	2	15	1	0	26	740
0.52225	1	0	2	8	52	2	3	1	1	15	1	0	28	403
0.52225	1	0	4	6	52	2	3	2	1	15	1	0	28	403
0.52225	1	0	5	5	52	2	3	3	1	15	1	0	28	403
0.52225	1	0	6	4	52	2	3	4	1	15	1	0	28	403
0.52475	1	0	1	9	52	5	1	1	1	14	1	0	26	368
0.52475	1	0	3	7	52	5	1	2	1	15	1	0	26	368
0.52475	1	0	4	6	52	5	1	3	1	15	1	0	28	403
0.52475	1	0	6	4	52	5	1	4	1	15	1	0	28	403
0.52475	1	0	8	2	52	5	1	5	1	15	1	0	26	368
0.52525	1	0	9	1	52	5	3	1	1	15	1	0	28	403
0.52725	1	0	6	4	52	7	3	1	1	15	1	0	28	403
0.52725	1	0	7	3	52	7	3	2	1	15	1	0	28	403
0.528	1	0	5	5	52	8	2	1	1	15	1	0	28	403
0.52975	1	0	2	8	53	0	1	1	1	15	1	0	22	281
0.52975	1	0	5	5	53	0	1	2	1	14	1	0	26	368
0.53	1	0	4	6	53	0	2	1	1	15	1	0	28	403
0.53225	1	0	1	9	53	2	3	1	1	15	1	0	24	324
0.53225	1	0	5	5	53	2	3	2	1	15	1	0	28	403
0.5325	1	0	3	7	53	3	0	1	1	15	1	0	26	368
0.53475	1	0	4	6	53	5	1	1	1	15	1	0	28	403
0.53475	1	0	5	5	53	5	1	2	1	15	1	0	28	403
0.53475	1	0	6	4	53	5	1	3	1	15	1	0	28	403
0.53725	1	0	4	6	53	7	3	1	1	15	1	0	28	403
0.53725	1	0	6	4	53	7	3	2	1	15	1	0	28	403
0.53725	1	0	8	2	53	7	3	3	1	15	1	0	28	403
0.53775	1	0	2	8	53	8	1	1	2	15	1	0	13	276
0.53775	1	0	9	1	53	8	1	3	1	15	1	0	28	403
0.53975	1	0	6	4	54	0	1	1	1	15	1	0	28	403
0.53975	1	0	7	3	54	0	1	2	1	15	1	0	28	403
0.54	1	0	1	9	54	0	2	1	1	14	1	0	26	368
0.5405	1	0	3	7	54	1	0	1	1	15	1	0	26	368
0.5405	1	0	5	5	54	1	0	2	1	15	1	0	28	403
0.5425	1	0	4	6	54	3	0	1	1	15	1	0	28	403
